5
4
0 1 5 2
1 0 0 5
5 0 0 4
2 5 4 0
100 200 400 600
10
0 0 27 80 0 0 26 93 7 24
0 0 30 13 47 0 0 14 74 43
69 94 0 0 37 0 78 40 50 36
26 66 0 0 14 98 96 0 12 57
0 51 27 19 0 71 21 46 78 8
0 0 0 82 33 0 91 0 2 34
28 0 70 71 57 35 0 12 41 85
75 18 8 0 62 0 21 0 9 25
8 76 93 72 30 5 29 60 0 14
67 64 4 37 33 33 39 43 27 0
0 1732 750 309 2290 572 930 641 1186 3696
20
0 20 57 60 0 58 22 0 76 32 0 13 13 47 22 74 67 93 54 89
1 0 0 49 44 0 68 4 61 1 33 1 78 28 0 94 0 81 91 99
28 0 0 62 49 100 18 30 92 74 14 53 67 0 4 74 0 1 23 53
19 68 51 0 75 86 0 0 99 20 92 0 91 75 0 50 3 0 90 19
0 10 88 1 0 0 25 0 99 0 62 72 94 35 32 71 45 56 0 83
17 0 22 38 0 0 59 81 82 59 41 80 18 66 8 93 8 97 97 57
74 2 84 0 26 43 0 0 75 45 88 89 0 88 12 0 76 28 11 67
0 84 64 0 0 1 0 0 9 0 49 93 13 23 98 75 63 71 79 16
66 82 52 42 3 39 40 88 0 0 82 26 0 52 62 95 29 64 98 26
58 93 68 35 0 11 30 0 0 0 0 0 13 78 96 86 56 78 0 89
0 90 5 2 4 85 26 66 38 0 0 0 3 74 95 43 47 65 90 0
100 13 6 0 34 83 31 23 61 0 0 0 0 32 0 0 0 6 61 64
56 31 3 8 45 19 0 89 0 15 42 0 0 0 71 40 95 94 17 74
92 94 0 26 2 61 95 5 67 25 28 23 0 0 12 22 0 49 51 90
82 0 14 0 84 24 28 1 2 30 34 0 77 13 0 8 82 78 0 35
4 59 37 57 8 24 0 4 9 48 79 0 9 12 78 0 0 92 41 69
47 0 0 32 91 37 19 67 12 69 55 0 6 0 62 0 0 25 0 3
50 9 66 0 84 69 2 25 22 89 25 96 30 46 20 82 27 0 18 2
5 34 63 81 0 4 16 89 1 0 90 54 50 48 0 32 0 54 0 25
75 17 94 69 14 16 39 41 85 7 0 27 97 72 18 29 48 98 13 0
1474 0 198 0 1741 1629 0 0 342 0 1035 0 0 3321 0 427 1078 1545 0 129
30
0 80 40 58 98 7 0 19 78 0 19 0 47 59 79 32 0 0 30 42 55 45 91 27 2 36 52 0 94 39
71 0 33 42 37 95 0 0 32 8 54 85 33 61 23 55 70 81 13 0 3 6 91 7 61 44 17 62 0 79
48 81 0 27 84 32 7 0 14 0 60 0 34 0 6 0 0 67 12 26 94 23 31 3 33 0 0 0 15 41
51 52 85 0 87 0 72 0 71 63 45 66 25 100 8 93 1 0 69 46 92 92 99 39 59 94 17 0 22 66
28 32 96 69 0 0 18 43 59 81 3 78 0 31 56 10 44 83 54 43 0 71 58 84 0 81 70 22 43 94
30 11 69 0 0 0 77 82 83 50 37 0 0 21 24 15 19 0 87 0 22 0 43 44 62 42 35 5 70 91
0 0 5 4 97 46 0 31 55 59 88 39 83 91 1 68 0 47 0 61 7 37 74 33 0 73 0 9 0 57
22 0 0 0 37 100 26 0 93 85 43 29 51 97 54 91 89 3 0 66 38 100 15 53 85 39 97 42 77 43
88 83 89 90 18 90 51 37 0 0 99 6 86 73 40 84 35 79 26 18 48 30 64 32 0 65 23 0 0 86
0 79 0 13 26 40 71 44 0 0 57 98 28 73 65 25 0 47 69 6 0 8 80 0 69 26 51 37 8 75
44 76 71 15 53 19 88 89 51 40 0 67 49 44 97 97 0 73 15 27 89 77 57 75 39 3 0 81 40 73
0 31 0 60 91 0 84 64 88 42 28 0 88 34 3 37 14 19 63 72 25 0 55 25 0 90 0 0 58 78
17 69 89 17 0 0 89 77 20 66 61 7 0 38 14 0 8 79 16 85 100 84 80 9 84 61 57 0 46 0
71 93 0 40 18 75 86 65 81 50 12 15 52 0 0 19 78 66 0 91 96 80 25 30 6 98 17 41 2 14
55 43 87 54 52 82 75 78 10 6 17 93 53 0 0 84 26 0 9 92 6 0 40 13 6 54 13 0 35 77
82 84 0 43 96 64 44 89 4 58 97 41 0 55 24 0 0 0 57 0 28 67 2 0 93 12 44 65 3 70
0 23 0 84 25 75 0 33 36 0 0 95 80 88 52 0 0 23 96 0 0 0 26 43 5 58 66 99 35 0
0 10 82 0 87 0 42 13 27 37 14 25 67 59 0 0 47 0 50 100 51 0 29 94 29 44 10 0 80 75
91 22 32 18 4 48 0 0 26 85 96 40 36 0 53 4 100 27 0 8 34 17 82 59 0 0 100 61 84 46
91 0 59 25 71 0 1 24 1 76 61 1 100 21 27 0 0 43 83 0 55 0 34 42 92 90 67 65 0 89
38 34 28 61 0 18 28 38 41 0 16 15 8 50 34 98 0 59 74 77 0 99 0 52 0 0 87 91 35 82
9 31 71 9 24 0 21 33 47 52 74 0 69 20 0 50 0 0 83 0 23 0 0 85 0 100 24 23 0 52
61 47 99 72 43 10 11 57 1 90 10 22 91 18 28 91 27 41 54 15 0 0 0 96 0 52 16 0 63 4
43 53 13 93 13 42 75 7 67 0 40 69 63 59 38 0 62 93 58 64 64 55 13 0 0 14 26 79 34 64
71 63 78 78 0 94 0 4 0 52 51 0 52 9 53 15 72 77 0 65 0 0 0 0 0 9 49 58 0 15
70 70 0 13 62 26 79 28 42 49 64 95 68 71 49 44 39 9 0 87 0 12 24 96 62 0 46 79 80 86
77 12 0 35 16 21 0 24 32 49 0 0 82 51 71 41 60 83 37 86 85 8 76 9 49 95 0 0 0 0
0 3 0 0 98 52 58 66 0 89 16 0 0 92 0 40 27 0 5 1 64 62 0 82 26 33 0 0 63 0
7 0 24 22 15 99 0 24 0 97 85 13 64 12 46 28 46 56 25 0 58 0 24 51 0 44 0 43 0 35
45 59 44 84 13 50 61 58 85 97 29 29 0 15 56 9 0 35 96 82 73 60 7 74 55 73 0 0 71 0
0 587 1491 0 0 0 379 0 3059 0 0 1028 1173 0 0 2204 0 1574 331 1437 0 0 1516 0 0 2888 0 200 0 0
40
0 9 67 0 15 51 26 17 93 0 69 93 7 95 68 0 63 0 75 100 43 87 61 25 73 66 69 26 41 54 73 63 0 0 0 55 0 57 50 61
30 0 0 43 81 16 0 0 79 0 77 0 0 86 73 17 3 8 90 0 37 67 26 30 72 46 86 92 71 99 0 9 3 28 24 83 96 19 32 11
47 0 0 88 12 0 0 12 99 36 63 0 52 47 0 27 0 60 51 31 0 60 49 96 40 89 97 16 0 5 39 4 0 0 98 44 32 61 41 88
0 18 64 0 0 0 9 61 17 0 33 29 70 0 75 80 38 62 28 43 43 0 0 74 0 33 37 76 54 22 85 50 30 31 0 40 82 0 83 78
27 46 60 0 0 1 74 0 33 96 20 26 46 32 71 0 0 19 23 28 52 75 0 0 78 63 73 13 9 75 30 4 85 88 68 21 67 20 0 17
83 29 0 0 67 0 25 88 15 84 4 13 25 18 83 40 28 0 45 0 8 53 71 65 84 0 0 12 30 0 0 81 6 41 0 59 46 21 0 30
49 0 0 24 33 52 0 94 49 0 75 69 91 58 64 80 24 13 31 94 8 79 0 84 20 37 6 0 14 51 70 18 64 73 30 70 5 94 51 94
86 0 3 32 0 47 3 0 40 90 92 87 2 95 85 59 84 24 0 12 21 97 24 0 35 0 95 17 72 0 10 19 0 8 0 55 100 20 75 68
57 84 99 34 35 11 7 60 0 25 0 53 6 0 82 69 72 53 57 54 50 54 0 67 0 0 56 98 25 0 11 81 84 7 34 0 0 98 0 43
0 0 13 0 56 54 0 11 39 0 41 10 2 19 93 66 0 19 79 0 5 80 53 35 78 24 70 43 44 81 29 93 71 26 65 0 62 46 43 37
51 87 25 99 46 39 4 30 0 36 0 42 0 51 59 0 0 65 15 8 0 16 97 73 0 98 0 75 61 6 61 51 0 83 89 58 0 78 59 84
48 0 0 100 90 61 30 17 87 8 13 0 49 22 64 49 60 41 61 13 22 40 67 66 55 71 62 47 69 48 38 40 56 17 81 90 28 0 30 0
22 0 58 33 73 83 2 73 67 86 0 46 0 28 8 0 0 35 45 89 28 3 0 79 3 26 0 12 51 44 86 38 55 68 55 0 74 1 25 65
30 5 43 0 53 68 100 58 0 12 66 95 96 0 96 0 81 84 22 46 93 0 59 38 71 5 100 0 44 20 0 24 70 80 33 68 0 91 39 0
5 35 0 12 49 40 24 92 27 38 72 42 31 62 0 56 0 17 0 54 26 6 84 0 43 88 63 5 2 97 26 27 59 0 11 97 93 8 8 74
0 28 68 33 0 61 35 91 6 9 0 37 0 0 13 0 86 46 43 98 90 15 52 29 13 100 94 69 0 61 18 0 49 28 67 60 98 0 0 34
38 24 0 46 0 68 97 49 33 0 0 76 0 84 0 81 0 55 64 0 14 0 47 45 0 35 91 82 81 94 0 24 92 42 0 79 0 90 99 18
0 18 85 76 32 0 15 45 80 22 56 30 43 11 93 82 28 0 56 0 4 23 94 77 38 76 0 37 78 48 0 37 69 72 91 58 96 52 43 39
72 26 45 43 51 8 27 0 42 16 93 52 80 99 0 84 8 42 0 20 0 99 69 70 0 0 79 37 72 0 41 0 38 38 74 20 25 5 47 59
6 0 56 37 46 0 4 20 4 0 75 72 12 61 40 11 0 0 37 0 0 74 75 61 35 65 46 0 98 84 0 27 14 54 0 44 5 94 55 40
53 69 0 41 61 84 50 42 45 36 0 32 72 74 62 38 64 71 0 0 0 10 0 15 24 30 9 70 100 41 39 83 77 0 17 0 10 93 25 78
71 71 79 0 90 80 76 73 95 91 15 30 95 0 48 13 0 22 28 29 63 0 69 52 65 17 0 94 34 85 64 6 0 86 69 0 71 0 47 28
37 91 6 0 0 57 0 30 0 85 97 38 0 21 93 98 76 56 15 36 0 66 0 74 0 22 41 0 17 20 23 0 38 26 35 56 14 59 5 11
69 99 56 53 0 53 45 0 55 76 34 10 77 97 0 51 82 47 14 72 94 55 52 0 81 70 36 54 0 93 0 59 43 16 0 52 60 30 36 40
91 32 98 0 77 11 94 51 0 73 0 64 36 31 64 30 0 32 0 85 79 21 0 62 0 2 6 45 27 31 5 18 0 35 11 23 0 39 21 33
95 92 65 71 49 0 92 0 0 81 50 17 86 87 57 42 37 3 0 33 65 59 42 26 60 0 57 69 53 63 65 60 0 62 0 0 0 57 25 99
18 1 82 34 66 0 82 91 40 81 0 53 0 57 23 23 61 0 64 23 44 0 2 39 52 25 0 74 37 99 8 49 33 39 98 22 45 10 45 37
90 99 78 95 60 81 0 29 3 25 53 58 17 0 35 49 17 34 52 0 65 70 0 63 9 51 37 0 21 0 25 0 75 61 0 87 46 84 11 0
18 66 0 90 22 36 38 91 85 91 11 78 76 38 33 0 20 27 94 25 17 25 83 0 37 17 35 52 0 40 0 71 67 22 0 16 32 61 94 21
80 24 43 67 6 0 11 0 0 99 25 62 81 84 51 95 6 4 0 78 100 3 37 28 73 69 37 0 11 0 24 0 81 70 0 60 0 0 74 33
17 0 35 62 23 0 58 87 26 16 37 61 90 0 27 74 0 0 36 0 18 12 53 0 24 33 56 16 0 33 0 5 18 88 0 73 81 57 12 3
31 33 62 7 87 80 11 90 36 14 69 87 62 13 74 0 96 31 0 92 38 50 0 17 52 58 76 0 90 0 94 0 16 0 90 0 0 19 0 77
0 21 0 44 64 16 8 0 76 7 0 16 69 45 86 41 83 86 50 36 40 0 62 40 0 0 63 23 14 12 84 7 0 10 0 80 80 9 0 63
0 35 0 34 85 42 23 9 84 28 53 67 42 13 0 67 95 88 96 85 0 48 85 12 11 38 30 68 55 76 5 0 80 0 9 0 70 98 94 11
0 55 58 0 4 0 67 0 18 67 52 13 60 27 80 23 0 63 38 0 82 31 19 0 21 0 49 0 0 0 0 46 0 45 0 11 62 17 5 18
64 41 62 48 34 46 95 74 0 0 68 68 0 45 91 1 63 10 73 39 0 0 78 35 67 0 2 59 8 34 3 0 40 0 16 0 0 12 75 0
0 85 64 19 49 51 69 73 0 42 0 84 16 0 11 5 0 42 76 54 46 86 51 55 0 0 10 18 22 0 41 0 84 43 83 0 0 0 90 21
47 83 3 0 49 10 47 6 38 8 12 0 92 24 30 0 56 45 74 100 60 0 35 1 82 75 94 50 47 0 75 95 91 31 94 9 0 0 70 34
33 66 68 79 0 0 9 53 0 78 41 56 98 79 92 0 83 60 79 20 28 82 75 25 95 31 7 37 87 24 83 0 0 9 90 13 13 23 0 5
93 60 47 34 88 86 28 46 67 8 9 0 49 0 8 46 93 63 77 90 26 99 38 43 26 98 54 0 32 41 25 18 80 4 61 0 25 70 52 0
2368 444 421 943 59 0 0 57 743 798 1569 265 0 0 1218 676 0 5061 3327 0 1034 1025 2703 1106 0 0 2989 2430 208 1542 552 0 729 186 1094 0 0 2405 457 3012